# Explosion Parameters
# Computation done on 2018-01-02
# Mechanism H2ChemMevel.cti
# Initial Species in Mixture 
# fuel H2
# oxidizer O2
# diluent N2
# Initial conditions
# Temperature (K) 300.0
# Pressure (Pa) 101325.0

Variables = "Equivalence Ratio","X fuel","X oxidizer","CV Pressure","CV Temperature","HP expansion","HP soundspeed","CJ Speed","CJ Pressure ","CJ sound speed","vN Pressure ","Reflected Pressure","Reflected Speed","Plateau Pressure","Ind Length","Energy Length","Theta Effective"
   5.00000e-01 	    1.73611e-01 	    1.73611e-01 	    6.17800e+05 	    2.00212e+03 	    5.01285e+00 	    8.12791e+02 	    1.61961e+03 	    1.18956e+06  	    9.41141e+02  	    2.16936e+06  	    2.80220e+06  	    7.03143e+02  	    4.52104e+05 	    2.03279e-03 	    1.24583e-04 	    3.82335e+01
   6.31579e-01 	    2.09717e-01 	    1.66026e-01 	    6.93720e+05 	    2.29020e+03 	    5.68219e+00 	    8.75871e+02 	    1.74860e+03 	    1.34246e+06  	    1.00940e+03  	    2.43252e+06  	    3.19515e+06  	    7.34686e+02  	    4.96524e+05 	    4.39794e-04 	    7.82168e-05 	    1.12650e+01
   7.63158e-01 	    2.42800e-01 	    1.59076e-01 	    7.51463e+05 	    2.51931e+03 	    6.23070e+00 	    9.25604e+02 	    1.85002e+03 	    1.45839e+06  	    1.06365e+03  	    2.62198e+06  	    3.49898e+06  	    7.57652e+02  	    5.50076e+05 	    2.54059e-04 	    5.61746e-05 	    7.96920e+00
   8.94737e-01 	    2.73224e-01 	    1.52684e-01 	    7.92344e+05 	    2.68699e+03 	    6.65260e+00 	    9.62138e+02 	    1.92944e+03 	    1.54003e+06  	    1.10663e+03  	    2.74945e+06  	    3.71753e+06  	    7.76163e+02  	    5.74576e+05 	    1.87775e-04 	    4.58524e-05 	    6.83271e+00
   1.02632e+00 	    3.01298e-01 	    1.46786e-01 	    8.14536e+05 	    2.77877e+03 	    6.88818e+00 	    9.87554e+02 	    1.98844e+03 	    1.58351e+06  	    1.13900e+03  	    2.81843e+06  	    3.83332e+06  	    7.93272e+02  	    5.88512e+05 	    1.66866e-04 	    4.17979e-05 	    6.37503e+00
   1.15789e+00 	    3.27284e-01 	    1.41327e-01 	    8.17221e+05 	    2.78774e+03 	    6.85947e+00 	    1.01184e+03 	    2.02897e+03 	    1.58956e+06  	    1.16168e+03  	    2.83535e+06  	    3.84397e+06  	    8.10792e+02  	    5.97627e+05 	    1.62414e-04 	    3.82467e-05 	    6.25700e+00
   1.28947e+00 	    3.51406e-01 	    1.36259e-01 	    8.09482e+05 	    2.75299e+03 	    6.74414e+00 	    1.02653e+03 	    2.05730e+03 	    1.57532e+06  	    1.17810e+03  	    2.81982e+06  	    3.80187e+06  	    8.27645e+02  	    5.81584e+05 	    1.69109e-04 	    4.34028e-05 	    6.31525e+00
   1.42105e+00 	    3.73858e-01 	    1.31543e-01 	    7.98367e+05 	    2.70492e+03 	    6.61834e+00 	    1.03723e+03 	    2.07918e+03 	    1.55378e+06  	    1.19129e+03  	    2.78930e+06  	    3.74330e+06  	    8.42867e+02  	    5.79107e+05 	    1.78799e-04 	    4.53121e-05 	    6.46253e+00
   1.55263e+00 	    3.94807e-01 	    1.27141e-01 	    7.86254e+05 	    2.65355e+03 	    6.49316e+00 	    1.04634e+03 	    2.09757e+03 	    1.52937e+06  	    1.20270e+03  	    2.75251e+06  	    3.67780e+06  	    8.56542e+02  	    5.62837e+05 	    1.97902e-04 	    5.16016e-05 	    6.66181e+00
   1.68421e+00 	    4.14400e-01 	    1.23025e-01 	    7.73919e+05 	    2.60200e+03 	    6.37100e+00 	    1.05450e+03 	    2.11380e+03 	    1.50427e+06  	    1.21301e+03  	    2.71321e+06  	    3.61106e+06  	    8.68936e+02  	    5.61145e+05 	    2.16097e-04 	    5.10522e-05 	    6.89983e+00
   1.81579e+00 	    4.32765e-01 	    1.19167e-01 	    7.61654e+05 	    2.55140e+03 	    6.25254e+00 	    1.06199e+03 	    2.12849e+03 	    1.47955e+06  	    1.22254e+03  	    2.67308e+06  	    3.54617e+06  	    8.80300e+02  	    5.46495e+05 	    2.44411e-04 	    5.35349e-05 	    7.17335e+00
   1.94737e+00 	    4.50012e-01 	    1.15544e-01 	    7.49588e+05 	    2.50218e+03 	    6.13799e+00 	    1.06890e+03 	    2.14199e+03 	    1.45529e+06  	    1.23144e+03  	    2.63294e+06  	    3.48283e+06  	    8.90873e+02  	    5.46085e+05 	    2.72157e-04 	    5.86794e-05 	    7.48249e+00
   2.07895e+00 	    4.66242e-01 	    1.12134e-01 	    7.37776e+05 	    2.45451e+03 	    6.02740e+00 	    1.07534e+03 	    2.15449e+03 	    1.43177e+06  	    1.23984e+03  	    2.59318e+06  	    3.42201e+06  	    9.00790e+02  	    5.32812e+05 	    3.04281e-04 	    6.62778e-05 	    7.83082e+00
   2.21053e+00 	    4.81541e-01 	    1.08920e-01 	    7.26249e+05 	    2.40842e+03 	    5.92071e+00 	    1.08134e+03 	    2.16612e+03 	    1.40838e+06  	    1.24773e+03  	    2.55403e+06  	    3.36092e+06  	    9.10233e+02  	    5.19812e+05 	    3.41258e-04 	    6.65677e-05 	    8.22371e+00
   2.34211e+00 	    4.95988e-01 	    1.05885e-01 	    7.15018e+05 	    2.36393e+03 	    5.81784e+00 	    1.08697e+03 	    2.17698e+03 	    1.38502e+06  	    1.25516e+03  	    2.51561e+06  	    3.29913e+06  	    9.19289e+02  	    5.19905e+05 	    3.82804e-04 	    6.64142e-05 	    8.66959e+00
   2.47368e+00 	    5.09651e-01 	    1.03015e-01 	    7.04090e+05 	    2.32100e+03 	    5.71868e+00 	    1.09225e+03 	    2.18714e+03 	    1.36335e+06  	    1.26230e+03  	    2.47798e+06  	    3.24362e+06  	    9.27816e+02  	    5.08183e+05 	    4.33982e-04 	    7.93760e-05 	    9.17834e+00
   2.60526e+00 	    5.22593e-01 	    1.00296e-01 	    6.93464e+05 	    2.27959e+03 	    5.62311e+00 	    1.09723e+03 	    2.19666e+03 	    1.34218e+06  	    1.26908e+03  	    2.44118e+06  	    3.18933e+06  	    9.35989e+02  	    4.96890e+05 	    4.94754e-04 	    8.51679e-05 	    9.76337e+00
   2.73684e+00 	    5.34869e-01 	    9.77165e-02 	    6.83138e+05 	    2.23965e+03 	    5.53099e+00 	    1.10194e+03 	    2.20559e+03 	    1.32153e+06  	    1.27553e+03  	    2.40522e+06  	    3.13637e+06  	    9.43834e+02  	    4.98531e+05 	    5.65065e-04 	    8.60017e-05 	    1.04418e+01
   2.86842e+00 	    5.46530e-01 	    9.52667e-02 	    6.73109e+05 	    2.20115e+03 	    5.44220e+00 	    1.10640e+03 	    2.21398e+03 	    1.30129e+06  	    1.28166e+03  	    2.37011e+06  	    3.08426e+06  	    9.51385e+02  	    4.87776e+05 	    6.50126e-04 	    9.26497e-05 	    1.12367e+01
   3.00000e+00 	    5.57621e-01 	    9.29368e-02 	    6.63371e+05 	    2.16401e+03 	    5.35658e+00 	    1.11064e+03 	    2.22186e+03 	    1.28175e+06  	    1.28753e+03  	    2.33586e+06  	    3.03420e+06  	    9.58623e+02  	    4.77552e+05 	    7.49141e-04 	    1.06291e-04 	    1.21773e+01
