# RAYLEIGH LINE, SJUMP MAX & MIN, AND GAMMA CONSTRAINT FOR GIVEN SHOCK SPEED
# CALCULATION RUN ON 2018-01-02

# INITIAL CONDITIONS
# TEMPERATURE (K) 300.0
# PRESSURE (ATM) 1.0
# DENSITY (KG/M^3) 0.8384
# SPECIES MOLE FRACTIONS: H2:2 O2:1 N2:3.76
# MECHANISM: h2air_highT.cti
# SHOCK SPEED (M/S) 1967.84

# THE OUTPUT DATA COLUMNS ARE:
Variables = "Specific Volume", "Pressure", "Max Line", "Min Line", "Gamma Line"
6.6198E-02 	 31.2 	 0.0250 	 0.9950 	 0.1064
7.2818E-02 	 31.1 	 0.0250 	 0.9950 	 0.1064
7.9438E-02 	 30.9 	 0.0250 	 0.9950 	 0.1064
8.6057E-02 	 30.7 	 0.0250 	 0.9950 	 0.1064
9.2677E-02 	 30.5 	 0.0250 	 0.9950 	 0.1064
9.9297E-02 	 30.4 	 0.0250 	 0.9950 	 0.1064
1.0592E-01 	 30.2 	 0.0250 	 0.9950 	 0.1064
1.1254E-01 	 30.0 	 0.0250 	 0.9950 	 0.1064
1.1916E-01 	 29.8 	 0.0250 	 0.9950 	 0.1064
1.2578E-01 	 29.6 	 0.0250 	 0.9950 	 0.1064
1.3240E-01 	 29.5 	 0.0250 	 0.9950 	 0.1064
1.3902E-01 	 29.3 	 0.0250 	 0.9950 	 0.1064
1.4564E-01 	 29.1 	 0.0250 	 0.9950 	 0.1064
1.5226E-01 	 28.9 	 0.0250 	 0.9950 	 0.1064
1.5888E-01 	 28.8 	 0.0250 	 0.9950 	 0.1064
1.6549E-01 	 28.6 	 0.0250 	 0.9950 	 0.1064
1.7211E-01 	 28.4 	 0.0250 	 0.9950 	 0.1064
1.7873E-01 	 28.2 	 0.0250 	 0.9950 	 0.1064
1.8535E-01 	 28.0 	 0.0250 	 0.9950 	 0.1064
1.9197E-01 	 27.9 	 0.0250 	 0.9950 	 0.1064
1.9859E-01 	 27.7 	 0.0250 	 0.9950 	 0.1064
2.0521E-01 	 27.5 	 0.0250 	 0.9950 	 0.1064
2.1183E-01 	 27.3 	 0.0250 	 0.9950 	 0.1064
2.1845E-01 	 27.2 	 0.0250 	 0.9950 	 0.1064
2.2507E-01 	 27.0 	 0.0250 	 0.9950 	 0.1064
2.3169E-01 	 26.8 	 0.0250 	 0.9950 	 0.1064
2.3831E-01 	 26.6 	 0.0250 	 0.9950 	 0.1064
2.4493E-01 	 26.4 	 0.0250 	 0.9950 	 0.1064
2.5155E-01 	 26.3 	 0.0250 	 0.9950 	 0.1064
2.5817E-01 	 26.1 	 0.0250 	 0.9950 	 0.1064
2.6479E-01 	 25.9 	 0.0250 	 0.9950 	 0.1064
2.7141E-01 	 25.7 	 0.0250 	 0.9950 	 0.1064
2.7803E-01 	 25.6 	 0.0250 	 0.9950 	 0.1064
2.8465E-01 	 25.4 	 0.0250 	 0.9950 	 0.1064
2.9127E-01 	 25.2 	 0.0250 	 0.9950 	 0.1064
2.9789E-01 	 25.0 	 0.0250 	 0.9950 	 0.1064
3.0451E-01 	 24.8 	 0.0250 	 0.9950 	 0.1064
3.1113E-01 	 24.7 	 0.0250 	 0.9950 	 0.1064
3.1775E-01 	 24.5 	 0.0250 	 0.9950 	 0.1064
3.2437E-01 	 24.3 	 0.0250 	 0.9950 	 0.1064
3.3099E-01 	 24.1 	 0.0250 	 0.9950 	 0.1064
3.3761E-01 	 24.0 	 0.0250 	 0.9950 	 0.1064
3.4423E-01 	 23.8 	 0.0250 	 0.9950 	 0.1064
3.5085E-01 	 23.6 	 0.0250 	 0.9950 	 0.1064
3.5747E-01 	 23.4 	 0.0250 	 0.9950 	 0.1064
3.6409E-01 	 23.2 	 0.0250 	 0.9950 	 0.1064
3.7071E-01 	 23.1 	 0.0250 	 0.9950 	 0.1064
3.7733E-01 	 22.9 	 0.0250 	 0.9950 	 0.1064
3.8395E-01 	 22.7 	 0.0250 	 0.9950 	 0.1064
3.9057E-01 	 22.5 	 0.0250 	 0.9950 	 0.1064
3.9719E-01 	 22.4 	 0.0250 	 0.9950 	 0.1064
4.0381E-01 	 22.2 	 0.0250 	 0.9950 	 0.1064
4.1043E-01 	 22.0 	 0.0250 	 0.9950 	 0.1064
4.1705E-01 	 21.8 	 0.0250 	 0.9950 	 0.1064
4.2367E-01 	 21.6 	 0.0250 	 0.9950 	 0.1064
4.3029E-01 	 21.5 	 0.0250 	 0.9950 	 0.1064
4.3691E-01 	 21.3 	 0.0250 	 0.9950 	 0.1064
4.4353E-01 	 21.1 	 0.0250 	 0.9950 	 0.1064
4.5015E-01 	 20.9 	 0.0250 	 0.9950 	 0.1064
4.5677E-01 	 20.8 	 0.0250 	 0.9950 	 0.1064
4.6339E-01 	 20.6 	 0.0250 	 0.9950 	 0.1064
4.7001E-01 	 20.4 	 0.0250 	 0.9950 	 0.1064
4.7663E-01 	 20.2 	 0.0250 	 0.9950 	 0.1064
4.8325E-01 	 20.0 	 0.0250 	 0.9950 	 0.1064
4.8987E-01 	 19.9 	 0.0250 	 0.9950 	 0.1064
4.9648E-01 	 19.7 	 0.0250 	 0.9950 	 0.1064
5.0310E-01 	 19.5 	 0.0250 	 0.9950 	 0.1064
5.0972E-01 	 19.3 	 0.0250 	 0.9950 	 0.1064
5.1634E-01 	 19.2 	 0.0250 	 0.9950 	 0.1064
5.2296E-01 	 19.0 	 0.0250 	 0.9950 	 0.1064
5.2958E-01 	 18.8 	 0.0250 	 0.9950 	 0.1064
5.3620E-01 	 18.6 	 0.0250 	 0.9950 	 0.1064
5.4282E-01 	 18.4 	 0.0250 	 0.9950 	 0.1064
5.4944E-01 	 18.3 	 0.0250 	 0.9950 	 0.1064
5.5606E-01 	 18.1 	 0.0250 	 0.9950 	 0.1064
5.6268E-01 	 17.9 	 0.0250 	 0.9950 	 0.1064
5.6930E-01 	 17.7 	 0.0250 	 0.9950 	 0.1064
5.7592E-01 	 17.6 	 0.0250 	 0.9950 	 0.1064
5.8254E-01 	 17.4 	 0.0250 	 0.9950 	 0.1064
5.8916E-01 	 17.2 	 0.0250 	 0.9950 	 0.1064
5.9578E-01 	 17.0 	 0.0250 	 0.9950 	 0.1064
6.0240E-01 	 16.8 	 0.0250 	 0.9950 	 0.1064
6.0902E-01 	 16.7 	 0.0250 	 0.9950 	 0.1064
6.1564E-01 	 16.5 	 0.0250 	 0.9950 	 0.1064
6.2226E-01 	 16.3 	 0.0250 	 0.9950 	 0.1064
6.2888E-01 	 16.1 	 0.0250 	 0.9950 	 0.1064
6.3550E-01 	 16.0 	 0.0250 	 0.9950 	 0.1064
6.4212E-01 	 15.8 	 0.0250 	 0.9950 	 0.1064
6.4874E-01 	 15.6 	 0.0250 	 0.9950 	 0.1064
6.5536E-01 	 15.4 	 0.0250 	 0.9950 	 0.1064
6.6198E-01 	 15.2 	 0.0250 	 0.9950 	 0.1064
6.6860E-01 	 15.1 	 0.0250 	 0.9950 	 0.1064
6.7522E-01 	 14.9 	 0.0250 	 0.9950 	 0.1064
6.8184E-01 	 14.7 	 0.0250 	 0.9950 	 0.1064
6.8846E-01 	 14.5 	 0.0250 	 0.9950 	 0.1064
6.9508E-01 	 14.4 	 0.0250 	 0.9950 	 0.1064
7.0170E-01 	 14.2 	 0.0250 	 0.9950 	 0.1064
7.0832E-01 	 14.0 	 0.0250 	 0.9950 	 0.1064
7.1494E-01 	 13.8 	 0.0250 	 0.9950 	 0.1064
7.2156E-01 	 13.6 	 0.0250 	 0.9950 	 0.1064
7.2818E-01 	 13.5 	 0.0250 	 0.9950 	 0.1064
7.3480E-01 	 13.3 	 0.0250 	 0.9950 	 0.1064
7.4142E-01 	 13.1 	 0.0250 	 0.9950 	 0.1064
7.4804E-01 	 12.9 	 0.0250 	 0.9950 	 0.1064
7.5466E-01 	 12.8 	 0.0250 	 0.9950 	 0.1064
7.6128E-01 	 12.6 	 0.0250 	 0.9950 	 0.1064
7.6790E-01 	 12.4 	 0.0250 	 0.9950 	 0.1064
7.7452E-01 	 12.2 	 0.0250 	 0.9950 	 0.1064
7.8114E-01 	 12.0 	 0.0250 	 0.9950 	 0.1064
7.8776E-01 	 11.9 	 0.0250 	 0.9950 	 0.1064
7.9438E-01 	 11.7 	 0.0250 	 0.9950 	 0.1064
8.0100E-01 	 11.5 	 0.0250 	 0.9950 	 0.1064
8.0762E-01 	 11.3 	 0.0250 	 0.9950 	 0.1064
8.1424E-01 	 11.2 	 0.0250 	 0.9950 	 0.1064
8.2086E-01 	 11.0 	 0.0250 	 0.9950 	 0.1064
8.2747E-01 	 10.8 	 0.0250 	 0.9950 	 0.1064
8.3409E-01 	 10.6 	 0.0250 	 0.9950 	 0.1064
8.4071E-01 	 10.4 	 0.0250 	 0.9950 	 0.1064
8.4733E-01 	 10.3 	 0.0250 	 0.9950 	 0.1064
8.5395E-01 	 10.1 	 0.0250 	 0.9950 	 0.1064
8.6057E-01 	 9.9 	 0.0250 	 0.9950 	 0.1064
8.6719E-01 	 9.7 	 0.0250 	 0.9950 	 0.1064
8.7381E-01 	 9.6 	 0.0250 	 0.9950 	 0.1064
8.8043E-01 	 9.4 	 0.0250 	 0.9950 	 0.1064
8.8705E-01 	 9.2 	 0.0250 	 0.9950 	 0.1064
8.9367E-01 	 9.0 	 0.0250 	 0.9950 	 0.1064
9.0029E-01 	 8.8 	 0.0250 	 0.9950 	 0.1064
9.0691E-01 	 8.7 	 0.0250 	 0.9950 	 0.1064
9.1353E-01 	 8.5 	 0.0250 	 0.9950 	 0.1064
9.2015E-01 	 8.3 	 0.0250 	 0.9950 	 0.1064
9.2677E-01 	 8.1 	 0.0250 	 0.9950 	 0.1064
9.3339E-01 	 8.0 	 0.0250 	 0.9950 	 0.1064
9.4001E-01 	 7.8 	 0.0250 	 0.9950 	 0.1064
9.4663E-01 	 7.6 	 0.0250 	 0.9950 	 0.1064
9.5325E-01 	 7.4 	 0.0250 	 0.9950 	 0.1064
9.5987E-01 	 7.2 	 0.0250 	 0.9950 	 0.1064
9.6649E-01 	 7.1 	 0.0250 	 0.9950 	 0.1064
9.7311E-01 	 6.9 	 0.0250 	 0.9950 	 0.1064
9.7973E-01 	 6.7 	 0.0250 	 0.9950 	 0.1064
9.8635E-01 	 6.5 	 0.0250 	 0.9950 	 0.1064
9.9297E-01 	 6.4 	 0.0250 	 0.9950 	 0.1064
9.9959E-01 	 6.2 	 0.0250 	 0.9950 	 0.1064
1.0062E+00 	 6.0 	 0.0250 	 0.9950 	 0.1064
1.0128E+00 	 5.8 	 0.0250 	 0.9950 	 0.1064
1.0194E+00 	 5.6 	 0.0250 	 0.9950 	 0.1064
1.0261E+00 	 5.5 	 0.0250 	 0.9950 	 0.1064
1.0327E+00 	 5.3 	 0.0250 	 0.9950 	 0.1064
1.0393E+00 	 5.1 	 0.0250 	 0.9950 	 0.1064
1.0459E+00 	 4.9 	 0.0250 	 0.9950 	 0.1064
1.0525E+00 	 4.8 	 0.0250 	 0.9950 	 0.1064
1.0592E+00 	 4.6 	 0.0250 	 0.9950 	 0.1064
1.0658E+00 	 4.4 	 0.0250 	 0.9950 	 0.1064
1.0724E+00 	 4.2 	 0.0250 	 0.9950 	 0.1064
1.0790E+00 	 4.0 	 0.0250 	 0.9950 	 0.1064
1.0856E+00 	 3.9 	 0.0250 	 0.9950 	 0.1064
1.0923E+00 	 3.7 	 0.0250 	 0.9950 	 0.1064
1.0989E+00 	 3.5 	 0.0250 	 0.9950 	 0.1064
1.1055E+00 	 3.3 	 0.0250 	 0.9950 	 0.1064
1.1121E+00 	 3.2 	 0.0250 	 0.9950 	 0.1064
1.1187E+00 	 3.0 	 0.0250 	 0.9950 	 0.1064
1.1254E+00 	 2.8 	 0.0250 	 0.9950 	 0.1064
1.1320E+00 	 2.6 	 0.0250 	 0.9950 	 0.1064
1.1386E+00 	 2.4 	 0.0250 	 0.9950 	 0.1064
1.1452E+00 	 2.3 	 0.0250 	 0.9950 	 0.1064
1.1518E+00 	 2.1 	 0.0250 	 0.9950 	 0.1064
1.1585E+00 	 1.9 	 0.0250 	 0.9950 	 0.1064
1.1651E+00 	 1.7 	 0.0250 	 0.9950 	 0.1064
1.1717E+00 	 1.6 	 0.0250 	 0.9950 	 0.1064
1.1783E+00 	 1.4 	 0.0250 	 0.9950 	 0.1064
1.1849E+00 	 1.2 	 0.0250 	 0.9950 	 0.1064
1.1916E+00 	 1.0 	 0.0250 	 0.9950 	 0.1064
1.1982E+00 	 0.8 	 0.0250 	 0.9950 	 0.1064
1.2048E+00 	 0.7 	 0.0250 	 0.9950 	 0.1064
1.2114E+00 	 0.5 	 0.0250 	 0.9950 	 0.1064
1.2180E+00 	 0.3 	 0.0250 	 0.9950 	 0.1064
1.2247E+00 	 0.1 	 0.0250 	 0.9950 	 0.1064
1.2313E+00 	 -0.0 	 0.0250 	 0.9950 	 0.1064
1.2379E+00 	 -0.2 	 0.0250 	 0.9950 	 0.1064
1.2445E+00 	 -0.4 	 0.0250 	 0.9950 	 0.1064
1.2511E+00 	 -0.6 	 0.0250 	 0.9950 	 0.1064
1.2578E+00 	 -0.8 	 0.0250 	 0.9950 	 0.1064
1.2644E+00 	 -0.9 	 0.0250 	 0.9950 	 0.1064
1.2710E+00 	 -1.1 	 0.0250 	 0.9950 	 0.1064
1.2776E+00 	 -1.3 	 0.0250 	 0.9950 	 0.1064
1.2842E+00 	 -1.5 	 0.0250 	 0.9950 	 0.1064
1.2909E+00 	 -1.6 	 0.0250 	 0.9950 	 0.1064
1.2975E+00 	 -1.8 	 0.0250 	 0.9950 	 0.1064
1.3041E+00 	 -2.0 	 0.0250 	 0.9950 	 0.1064
1.3107E+00 	 -2.2 	 0.0250 	 0.9950 	 0.1064
