# Shock State Isentrope
# Calculation run on 2018-01-02
# Initial conditions
# Shock speed  (m/s) 1633.0
# Temperature (K) 295.0
# Pressure (Pa) 100000.0
# Density (kg/m^3) 1.1763e+00
# Initial species mole fractions: N2:3.76 O2:1.0
# Reaction mechanism: gri30_highT.cti

Variables = "Volume (m3/kg)", "Temperature (K)", "Pressure (atm)", "sound speed - eq (m/s)", "particle speed (m/s)"
   1.57147e-01 	    1.44878e+03 	    2.65690e+06 	    7.40057e+02 	    1.33115e+03 
   1.58718e-01 	    1.44430e+03 	    2.62245e+06 	    7.38958e+02 	    1.32379e+03 
   1.60305e-01 	    1.43982e+03 	    2.58844e+06 	    7.37861e+02 	    1.31645e+03 
   1.61908e-01 	    1.43536e+03 	    2.55487e+06 	    7.36764e+02 	    1.30911e+03 
   1.63527e-01 	    1.43091e+03 	    2.52173e+06 	    7.35669e+02 	    1.30179e+03 
   1.65163e-01 	    1.42647e+03 	    2.48902e+06 	    7.34574e+02 	    1.29447e+03 
   1.66814e-01 	    1.42204e+03 	    2.45672e+06 	    7.33481e+02 	    1.28717e+03 
   1.68483e-01 	    1.41762e+03 	    2.42484e+06 	    7.32389e+02 	    1.27988e+03 
   1.70167e-01 	    1.41322e+03 	    2.39337e+06 	    7.31298e+02 	    1.27260e+03 
   1.71869e-01 	    1.40882e+03 	    2.36231e+06 	    7.30208e+02 	    1.26533e+03 
   1.73588e-01 	    1.40444e+03 	    2.33164e+06 	    7.29120e+02 	    1.25807e+03 
   1.75324e-01 	    1.40007e+03 	    2.30137e+06 	    7.28032e+02 	    1.25082e+03 
   1.77077e-01 	    1.39571e+03 	    2.27149e+06 	    7.26946e+02 	    1.24358e+03 
   1.78848e-01 	    1.39136e+03 	    2.24199e+06 	    7.25860e+02 	    1.23635e+03 
   1.80636e-01 	    1.38702e+03 	    2.21287e+06 	    7.24776e+02 	    1.22914e+03 
   1.82442e-01 	    1.38269e+03 	    2.18412e+06 	    7.23693e+02 	    1.22193e+03 
   1.84267e-01 	    1.37838e+03 	    2.15575e+06 	    7.22611e+02 	    1.21474e+03 
   1.86110e-01 	    1.37407e+03 	    2.12774e+06 	    7.21530e+02 	    1.20755e+03 
   1.87971e-01 	    1.36978e+03 	    2.10008e+06 	    7.20450e+02 	    1.20038e+03 
   1.89850e-01 	    1.36549e+03 	    2.07279e+06 	    7.19371e+02 	    1.19322e+03 
   1.91749e-01 	    1.36122e+03 	    2.04585e+06 	    7.18294e+02 	    1.18606e+03 
   1.93666e-01 	    1.35696e+03 	    2.01925e+06 	    7.17217e+02 	    1.17892e+03 
   1.95603e-01 	    1.35271e+03 	    1.99299e+06 	    7.16142e+02 	    1.17179e+03 
   1.97559e-01 	    1.34847e+03 	    1.96708e+06 	    7.15067e+02 	    1.16467e+03 
   1.99535e-01 	    1.34424e+03 	    1.94149e+06 	    7.13994e+02 	    1.15756e+03 
   2.01530e-01 	    1.34002e+03 	    1.91624e+06 	    7.12922e+02 	    1.15047e+03 
   2.03545e-01 	    1.33582e+03 	    1.89131e+06 	    7.11851e+02 	    1.14338e+03 
   2.05581e-01 	    1.33162e+03 	    1.86670e+06 	    7.10781e+02 	    1.13630e+03 
   2.07636e-01 	    1.32743e+03 	    1.84241e+06 	    7.09712e+02 	    1.12924e+03 
   2.09713e-01 	    1.32326e+03 	    1.81843e+06 	    7.08644e+02 	    1.12218e+03 
   2.11810e-01 	    1.31910e+03 	    1.79476e+06 	    7.07577e+02 	    1.11513e+03 
   2.13928e-01 	    1.31494e+03 	    1.77140e+06 	    7.06512e+02 	    1.10810e+03 
   2.16067e-01 	    1.31080e+03 	    1.74833e+06 	    7.05447e+02 	    1.10108e+03 
   2.18228e-01 	    1.30667e+03 	    1.72557e+06 	    7.04384e+02 	    1.09406e+03 
   2.20410e-01 	    1.30255e+03 	    1.70309e+06 	    7.03321e+02 	    1.08706e+03 
   2.22614e-01 	    1.29844e+03 	    1.68091e+06 	    7.02260e+02 	    1.08007e+03 
   2.24841e-01 	    1.29434e+03 	    1.65901e+06 	    7.01200e+02 	    1.07309e+03 
   2.27089e-01 	    1.29025e+03 	    1.63740e+06 	    7.00140e+02 	    1.06612e+03 
   2.29360e-01 	    1.28617e+03 	    1.61606e+06 	    6.99082e+02 	    1.05916e+03 
   2.31653e-01 	    1.28210e+03 	    1.59500e+06 	    6.98025e+02 	    1.05221e+03 
   2.33970e-01 	    1.27804e+03 	    1.57421e+06 	    6.96969e+02 	    1.04527e+03 
   2.36310e-01 	    1.27399e+03 	    1.55369e+06 	    6.95914e+02 	    1.03834e+03 
   2.38673e-01 	    1.26996e+03 	    1.53343e+06 	    6.94860e+02 	    1.03142e+03 
   2.41060e-01 	    1.26593e+03 	    1.51343e+06 	    6.93807e+02 	    1.02451e+03 
   2.43470e-01 	    1.26192e+03 	    1.49369e+06 	    6.92755e+02 	    1.01761e+03 
   2.45905e-01 	    1.25791e+03 	    1.47421e+06 	    6.91705e+02 	    1.01073e+03 
   2.48364e-01 	    1.25391e+03 	    1.45498e+06 	    6.90655e+02 	    1.00385e+03 
   2.50847e-01 	    1.24993e+03 	    1.43599e+06 	    6.89606e+02 	    9.96984e+02 
   2.53356e-01 	    1.24595e+03 	    1.41726e+06 	    6.88558e+02 	    9.90128e+02 
   2.55890e-01 	    1.24199e+03 	    1.39876e+06 	    6.87512e+02 	    9.83283e+02 
   2.58448e-01 	    1.23804e+03 	    1.38050e+06 	    6.86466e+02 	    9.76448e+02 
   2.61033e-01 	    1.23409e+03 	    1.36248e+06 	    6.85422e+02 	    9.69623e+02 
   2.63643e-01 	    1.23016e+03 	    1.34469e+06 	    6.84378e+02 	    9.62809e+02 
   2.66280e-01 	    1.22623e+03 	    1.32713e+06 	    6.83336e+02 	    9.56006e+02 
   2.68942e-01 	    1.22232e+03 	    1.30979e+06 	    6.82295e+02 	    9.49212e+02 
   2.71632e-01 	    1.21842e+03 	    1.29269e+06 	    6.81254e+02 	    9.42429e+02 
   2.74348e-01 	    1.21452e+03 	    1.27580e+06 	    6.80215e+02 	    9.35657e+02 
   2.77092e-01 	    1.21064e+03 	    1.25913e+06 	    6.79177e+02 	    9.28894e+02 
   2.79863e-01 	    1.20677e+03 	    1.24267e+06 	    6.78139e+02 	    9.22142e+02 
   2.82661e-01 	    1.20291e+03 	    1.22643e+06 	    6.77103e+02 	    9.15401e+02 
   2.85488e-01 	    1.19905e+03 	    1.21040e+06 	    6.76068e+02 	    9.08669e+02 
   2.88343e-01 	    1.19521e+03 	    1.19457e+06 	    6.75034e+02 	    9.01948e+02 
   2.91226e-01 	    1.19138e+03 	    1.17895e+06 	    6.74001e+02 	    8.95237e+02 
   2.94138e-01 	    1.18755e+03 	    1.16353e+06 	    6.72968e+02 	    8.88537e+02 
   2.97080e-01 	    1.18374e+03 	    1.14832e+06 	    6.71937e+02 	    8.81847e+02 
   3.00051e-01 	    1.17994e+03 	    1.13329e+06 	    6.70907e+02 	    8.75167e+02 
   3.03051e-01 	    1.17615e+03 	    1.11847e+06 	    6.69878e+02 	    8.68497e+02 
   3.06082e-01 	    1.17236e+03 	    1.10383e+06 	    6.68850e+02 	    8.61837e+02 
   3.09142e-01 	    1.16859e+03 	    1.08938e+06 	    6.67823e+02 	    8.55188e+02 
   3.12234e-01 	    1.16483e+03 	    1.07512e+06 	    6.66797e+02 	    8.48549e+02 
   3.15356e-01 	    1.16107e+03 	    1.06105e+06 	    6.65772e+02 	    8.41920e+02 
   3.18510e-01 	    1.15733e+03 	    1.04716e+06 	    6.64748e+02 	    8.35301e+02 
   3.21695e-01 	    1.15359e+03 	    1.03344e+06 	    6.63725e+02 	    8.28693e+02 
   3.24912e-01 	    1.14987e+03 	    1.01991e+06 	    6.62703e+02 	    8.22094e+02 
   3.28161e-01 	    1.14615e+03 	    1.00655e+06 	    6.61682e+02 	    8.15506e+02 
   3.31443e-01 	    1.14245e+03 	    9.93359e+05 	    6.60662e+02 	    8.08928e+02 
   3.34757e-01 	    1.13875e+03 	    9.80342e+05 	    6.59643e+02 	    8.02360e+02 
   3.38105e-01 	    1.13507e+03 	    9.67495e+05 	    6.58625e+02 	    7.95803e+02 
   3.41486e-01 	    1.13139e+03 	    9.54813e+05 	    6.57608e+02 	    7.89255e+02 
   3.44900e-01 	    1.12773e+03 	    9.42296e+05 	    6.56592e+02 	    7.82718e+02 
   3.48349e-01 	    1.12407e+03 	    9.29941e+05 	    6.55577e+02 	    7.76190e+02 
   3.51833e-01 	    1.12042e+03 	    9.17747e+05 	    6.54563e+02 	    7.69673e+02 
   3.55351e-01 	    1.11679e+03 	    9.05710e+05 	    6.53550e+02 	    7.63166e+02 
   3.58905e-01 	    1.11316e+03 	    8.93829e+05 	    6.52538e+02 	    7.56668e+02 
   3.62494e-01 	    1.10954e+03 	    8.82103e+05 	    6.51527e+02 	    7.50181e+02 
   3.66119e-01 	    1.10593e+03 	    8.70528e+05 	    6.50517e+02 	    7.43704e+02 
   3.69780e-01 	    1.10233e+03 	    8.59104e+05 	    6.49508e+02 	    7.37237e+02 
   3.73478e-01 	    1.09874e+03 	    8.47828e+05 	    6.48500e+02 	    7.30780e+02 
   3.77213e-01 	    1.09516e+03 	    8.36698e+05 	    6.47493e+02 	    7.24334e+02 
   3.80985e-01 	    1.09159e+03 	    8.25712e+05 	    6.46487e+02 	    7.17897e+02 
   3.84794e-01 	    1.08803e+03 	    8.14869e+05 	    6.45482e+02 	    7.11470e+02 
   3.88642e-01 	    1.08447e+03 	    8.04167e+05 	    6.44477e+02 	    7.05053e+02 
   3.92529e-01 	    1.08093e+03 	    7.93604e+05 	    6.43474e+02 	    6.98646e+02 
   3.96454e-01 	    1.07740e+03 	    7.83177e+05 	    6.42472e+02 	    6.92249e+02 
   4.00419e-01 	    1.07387e+03 	    7.72887e+05 	    6.41471e+02 	    6.85862e+02 
   4.04423e-01 	    1.07036e+03 	    7.62729e+05 	    6.40471e+02 	    6.79485e+02 
   4.08467e-01 	    1.06685e+03 	    7.52704e+05 	    6.39471e+02 	    6.73118e+02 
   4.12552e-01 	    1.06336e+03 	    7.42809e+05 	    6.38473e+02 	    6.66761e+02 
   4.16677e-01 	    1.05987e+03 	    7.33042e+05 	    6.37476e+02 	    6.60414e+02 
   4.20844e-01 	    1.05639e+03 	    7.23403e+05 	    6.36479e+02 	    6.54076e+02 
   4.25053e-01 	    1.05292e+03 	    7.13889e+05 	    6.35484e+02 	    6.47749e+02 
   4.29303e-01 	    1.04946e+03 	    7.04498e+05 	    6.34490e+02 	    6.41431e+02 
   4.33596e-01 	    1.04601e+03 	    6.95229e+05 	    6.33496e+02 	    6.35124e+02 
   4.37932e-01 	    1.04257e+03 	    6.86081e+05 	    6.32504e+02 	    6.28826e+02 
   4.42311e-01 	    1.03914e+03 	    6.77052e+05 	    6.31512e+02 	    6.22538e+02 
   4.46734e-01 	    1.03571e+03 	    6.68140e+05 	    6.30522e+02 	    6.16260e+02 
   4.51202e-01 	    1.03230e+03 	    6.59344e+05 	    6.29532e+02 	    6.09992e+02 
   4.55714e-01 	    1.02889e+03 	    6.50663e+05 	    6.28544e+02 	    6.03734e+02 
   4.60271e-01 	    1.02550e+03 	    6.42094e+05 	    6.27556e+02 	    5.97485e+02 
   4.64874e-01 	    1.02211e+03 	    6.33637e+05 	    6.26569e+02 	    5.91247e+02 
   4.69522e-01 	    1.01873e+03 	    6.25290e+05 	    6.25584e+02 	    5.85018e+02 
   4.74218e-01 	    1.01536e+03 	    6.17052e+05 	    6.24599e+02 	    5.78799e+02 
   4.78960e-01 	    1.01200e+03 	    6.08920e+05 	    6.23615e+02 	    5.72590e+02 
   4.83749e-01 	    1.00865e+03 	    6.00895e+05 	    6.22632e+02 	    5.66390e+02 
   4.88587e-01 	    1.00531e+03 	    5.92974e+05 	    6.21650e+02 	    5.60200e+02 
   4.93473e-01 	    1.00198e+03 	    5.85157e+05 	    6.20669e+02 	    5.54021e+02 
   4.98407e-01 	    9.98654e+02 	    5.77441e+05 	    6.19691e+02 	    5.47851e+02 
   5.03392e-01 	    9.95338e+02 	    5.69826e+05 	    6.18716e+02 	    5.41690e+02 
   5.08425e-01 	    9.92031e+02 	    5.62310e+05 	    6.17742e+02 	    5.35539e+02 
   5.13510e-01 	    9.88733e+02 	    5.54891e+05 	    6.16770e+02 	    5.29398e+02 
   5.18645e-01 	    9.85443e+02 	    5.47569e+05 	    6.15799e+02 	    5.23267e+02 
   5.23831e-01 	    9.82162e+02 	    5.40343e+05 	    6.14830e+02 	    5.17145e+02 
   5.29070e-01 	    9.78890e+02 	    5.33210e+05 	    6.13862e+02 	    5.11033e+02 
   5.34360e-01 	    9.75626e+02 	    5.26170e+05 	    6.12895e+02 	    5.04931e+02 
   5.39704e-01 	    9.72370e+02 	    5.19222e+05 	    6.11929e+02 	    4.98838e+02 
   5.45101e-01 	    9.69123e+02 	    5.12365e+05 	    6.10965e+02 	    4.92754e+02 
   5.50552e-01 	    9.65884e+02 	    5.05596e+05 	    6.10002e+02 	    4.86681e+02 
   5.56057e-01 	    9.62653e+02 	    4.98916e+05 	    6.09041e+02 	    4.80617e+02 
   5.61618e-01 	    9.59431e+02 	    4.92323e+05 	    6.08080e+02 	    4.74562e+02 
   5.67234e-01 	    9.56217e+02 	    4.85815e+05 	    6.07121e+02 	    4.68517e+02 
   5.72907e-01 	    9.53011e+02 	    4.79393e+05 	    6.06163e+02 	    4.62482e+02 
   5.78636e-01 	    9.49814e+02 	    4.73054e+05 	    6.05205e+02 	    4.56456e+02 
   5.84422e-01 	    9.46624e+02 	    4.66797e+05 	    6.04250e+02 	    4.50439e+02 
   5.90266e-01 	    9.43443e+02 	    4.60622e+05 	    6.03295e+02 	    4.44432e+02 
   5.96169e-01 	    9.40270e+02 	    4.54528e+05 	    6.02341e+02 	    4.38435e+02 
   6.02131e-01 	    9.37105e+02 	    4.48513e+05 	    6.01388e+02 	    4.32447e+02 
   6.08152e-01 	    9.33948e+02 	    4.42576e+05 	    6.00437e+02 	    4.26468e+02 
   6.14233e-01 	    9.30800e+02 	    4.36717e+05 	    5.99486e+02 	    4.20499e+02 
   6.20376e-01 	    9.27659e+02 	    4.30934e+05 	    5.98536e+02 	    4.14540e+02 
   6.26579e-01 	    9.24526e+02 	    4.25227e+05 	    5.97588e+02 	    4.08590e+02 
   6.32845e-01 	    9.21402e+02 	    4.19593e+05 	    5.96640e+02 	    4.02649e+02 
   6.39174e-01 	    9.18285e+02 	    4.14034e+05 	    5.95693e+02 	    3.96718e+02 
   6.45565e-01 	    9.15176e+02 	    4.08547e+05 	    5.94748e+02 	    3.90796e+02 
   6.52021e-01 	    9.12075e+02 	    4.03131e+05 	    5.93803e+02 	    3.84884e+02 
   6.58541e-01 	    9.08982e+02 	    3.97786e+05 	    5.92859e+02 	    3.78981e+02 
   6.65127e-01 	    9.05897e+02 	    3.92511e+05 	    5.91916e+02 	    3.73087e+02 
   6.71778e-01 	    9.02820e+02 	    3.87305e+05 	    5.90974e+02 	    3.67203e+02 
   6.78496e-01 	    8.99750e+02 	    3.82166e+05 	    5.90033e+02 	    3.61328e+02 
   6.85281e-01 	    8.96689e+02 	    3.77095e+05 	    5.89092e+02 	    3.55462e+02 
   6.92134e-01 	    8.93635e+02 	    3.72090e+05 	    5.88153e+02 	    3.49606e+02 
   6.99055e-01 	    8.90589e+02 	    3.67150e+05 	    5.87214e+02 	    3.43759e+02 
   7.06045e-01 	    8.87551e+02 	    3.62275e+05 	    5.86276e+02 	    3.37922e+02 
   7.13106e-01 	    8.84520e+02 	    3.57463e+05 	    5.85339e+02 	    3.32093e+02 
   7.20237e-01 	    8.81498e+02 	    3.52714e+05 	    5.84403e+02 	    3.26275e+02 
   7.27439e-01 	    8.78483e+02 	    3.48028e+05 	    5.83467e+02 	    3.20465e+02 
   7.34714e-01 	    8.75476e+02 	    3.43402e+05 	    5.82533e+02 	    3.14665e+02 
   7.42061e-01 	    8.72476e+02 	    3.38837e+05 	    5.81599e+02 	    3.08874e+02 
   7.49481e-01 	    8.69484e+02 	    3.34332e+05 	    5.80666e+02 	    3.03092e+02 
   7.56976e-01 	    8.66500e+02 	    3.29886e+05 	    5.79733e+02 	    2.97320e+02 
   7.64546e-01 	    8.63523e+02 	    3.25498e+05 	    5.78802e+02 	    2.91557e+02 
   7.72191e-01 	    8.60554e+02 	    3.21167e+05 	    5.77871e+02 	    2.85803e+02 
   7.79913e-01 	    8.57593e+02 	    3.16893e+05 	    5.76940e+02 	    2.80058e+02 
   7.87713e-01 	    8.54639e+02 	    3.12674e+05 	    5.76011e+02 	    2.74323e+02 
   7.95590e-01 	    8.51693e+02 	    3.08512e+05 	    5.75082e+02 	    2.68597e+02 
   8.03546e-01 	    8.48755e+02 	    3.04403e+05 	    5.74154e+02 	    2.62880e+02 
   8.11581e-01 	    8.45824e+02 	    3.00348e+05 	    5.73227e+02 	    2.57172e+02 
   8.19697e-01 	    8.42900e+02 	    2.96347e+05 	    5.72300e+02 	    2.51474e+02 
   8.27894e-01 	    8.39985e+02 	    2.92398e+05 	    5.71374e+02 	    2.45785e+02 
   8.36173e-01 	    8.37076e+02 	    2.88500e+05 	    5.70449e+02 	    2.40105e+02 
   8.44534e-01 	    8.34176e+02 	    2.84654e+05 	    5.69524e+02 	    2.34434e+02 
   8.52980e-01 	    8.31282e+02 	    2.80858e+05 	    5.68600e+02 	    2.28773e+02 
   8.61510e-01 	    8.28397e+02 	    2.77112e+05 	    5.67677e+02 	    2.23120e+02 
   8.70125e-01 	    8.25518e+02 	    2.73415e+05 	    5.66754e+02 	    2.17477e+02 
   8.78826e-01 	    8.22648e+02 	    2.69767e+05 	    5.65832e+02 	    2.11843e+02 
   8.87614e-01 	    8.19784e+02 	    2.66166e+05 	    5.64910e+02 	    2.06218e+02 
   8.96490e-01 	    8.16929e+02 	    2.62613e+05 	    5.63989e+02 	    2.00602e+02 
   9.05455e-01 	    8.14080e+02 	    2.59106e+05 	    5.63069e+02 	    1.94996e+02 
   9.14510e-01 	    8.11240e+02 	    2.55645e+05 	    5.62150e+02 	    1.89399e+02 
   9.23655e-01 	    8.08406e+02 	    2.52230e+05 	    5.61231e+02 	    1.83810e+02 
   9.32891e-01 	    8.05580e+02 	    2.48860e+05 	    5.60312e+02 	    1.78231e+02 
   9.42220e-01 	    8.02762e+02 	    2.45534e+05 	    5.59395e+02 	    1.72661e+02 
   9.51643e-01 	    7.99951e+02 	    2.42252e+05 	    5.58478e+02 	    1.67100e+02 
   9.61159e-01 	    7.97147e+02 	    2.39012e+05 	    5.57561e+02 	    1.61549e+02 
   9.70771e-01 	    7.94351e+02 	    2.35816e+05 	    5.56645e+02 	    1.56006e+02 
   9.80478e-01 	    7.91562e+02 	    2.32661e+05 	    5.55730e+02 	    1.50473e+02 
   9.90283e-01 	    7.88781e+02 	    2.29548e+05 	    5.54815e+02 	    1.44948e+02 
   1.00019e+00 	    7.86007e+02 	    2.26476e+05 	    5.53901e+02 	    1.39433e+02 
   1.01019e+00 	    7.83240e+02 	    2.23445e+05 	    5.52987e+02 	    1.33927e+02 
   1.02029e+00 	    7.80481e+02 	    2.20453e+05 	    5.52075e+02 	    1.28430e+02 
   1.03049e+00 	    7.77729e+02 	    2.17501e+05 	    5.51162e+02 	    1.22942e+02 
   1.04080e+00 	    7.74984e+02 	    2.14587e+05 	    5.50250e+02 	    1.17463e+02 
   1.05121e+00 	    7.72247e+02 	    2.11712e+05 	    5.49339e+02 	    1.11993e+02 
   1.06172e+00 	    7.69517e+02 	    2.08875e+05 	    5.48429e+02 	    1.06532e+02 
   1.07233e+00 	    7.66795e+02 	    2.06075e+05 	    5.47519e+02 	    1.01081e+02 
   1.08306e+00 	    7.64079e+02 	    2.03313e+05 	    5.46609e+02 	    9.56378e+01 
   1.09389e+00 	    7.61372e+02 	    2.00586e+05 	    5.45700e+02 	    9.02042e+01 
   1.10483e+00 	    7.58671e+02 	    1.97896e+05 	    5.44792e+02 	    8.47796e+01 
   1.11588e+00 	    7.55978e+02 	    1.95241e+05 	    5.43884e+02 	    7.93640e+01 
   1.12703e+00 	    7.53292e+02 	    1.92621e+05 	    5.42977e+02 	    7.39575e+01 
   1.13830e+00 	    7.50613e+02 	    1.90036e+05 	    5.42070e+02 	    6.85600e+01 
   1.14969e+00 	    7.47942e+02 	    1.87485e+05 	    5.41164e+02 	    6.31715e+01 
   1.16118e+00 	    7.45278e+02 	    1.84967e+05 	    5.40259e+02 	    5.77920e+01 
   1.17280e+00 	    7.42622e+02 	    1.82483e+05 	    5.39354e+02 	    5.24215e+01 
   1.18452e+00 	    7.39972e+02 	    1.80032e+05 	    5.38450e+02 	    4.70600e+01 
   1.19637e+00 	    7.37330e+02 	    1.77613e+05 	    5.37546e+02 	    4.17076e+01 
   1.20833e+00 	    7.34695e+02 	    1.75226e+05 	    5.36643e+02 	    3.63641e+01 
   1.22042e+00 	    7.32068e+02 	    1.72870e+05 	    5.35740e+02 	    3.10296e+01 
   1.23262e+00 	    7.29448e+02 	    1.70546e+05 	    5.34838e+02 	    2.57040e+01 
   1.24495e+00 	    7.26835e+02 	    1.68253e+05 	    5.33937e+02 	    2.03875e+01 
   1.25740e+00 	    7.24229e+02 	    1.65990e+05 	    5.33036e+02 	    1.50799e+01 
   1.26997e+00 	    7.21630e+02 	    1.63756e+05 	    5.32136e+02 	    9.78124e+00 
   1.28267e+00 	    7.19039e+02 	    1.61553e+05 	    5.31236e+02 	    4.49157e+00 
   1.29741e+00 	    7.16069e+02 	    1.59054e+05 	    5.30202e+02 	    0.00000e+00 
